7
19
20
22
27
33
365
482
484
546
1532
1533
1535
1670
1671
52
56
62
64
65
69
72
75
76
79
85
98
107
108
115
116
128
136
138
141
142
145
146
147
148
150
152
156
159
164
170
172
174
189
190
191
192
195
196
197
203
204
205
206
209
210
230
232
233
235
237
238
239
240
241
243
245
248
250
251
255
262
265
267
268
269
271
273
275
276
280
294
308
310
319
343
347
376
378
379
380
381
382
383
390
421
432
443
445
446
448
449
451
452
453
457
461
462
464
467
468
470
478
479
489
491
492
493
494
496
500
503
504
507
508
510
511
517
534
539
540
544
556
557
566
574
590
592
598
602
603
604
609
611
612
616
619
644
654
661
668
679
693
705
712
721
722
725
728
732
739
740
750
752
1495
1516
1523
1527
1537
1628
1634
1635
1640
1641
1643
1648
1660
1674
1675
1681
1682
1698
1699
1707
1708
1711
1720
1721
1722
1723
1724
1726
1727
1738
1739
1884
1886
1887
2008
1742
1743
1745
1748
1750
1759
1762
1763
1764
1766
1791
1792
1805
1807
1817
1820
1821
1838
1839
1844
1847
1860
1862
1866
1867
1869
1877
1879
1880
1881
1882
1883
1888
1889
1890
1891
1892
1893
1894
1895
1897
1898
1899
1900
1901
1902
1903
1904
1905
1906
1907
1908
1909
1910
1911
1912
1913
1915
1918
1926
1928
1940
1952
1957
1965
1966
1968
1970
1983
1984
1987
1988
1994
1995
1999
2010
2012
2013
2015
2016
